[banner-image.jpg]
text=1;134;11;CONJURA '17;Candara;0.428028,0.870032,0.055556,0.000000;v1,4278190080,4278190080,128.000000,1.000000,0.000000,0.636719,400,0,49152;;
backuphash=3671
textactive=1
